2023 Confirmed Pledges to UNRWA's Programmes (Cash and In-kind) - Overall Donor Ranking
as 31 Dec. 2023
In USD
Programme Budget Non Programme Budget
Donor Programme
Budget In-kind
Total Programme
Budget EA OPT Syria Appeal Projects
Syria Flash
Appeal-
Earthquake
Early Recovery
Appeal for Jenin
Ein El Hilweh
Flash Appeal Gaza Flash Appeal
USA 218,373,326 0 218,373,326 88,500,000 37,321,000 16,710,619 3,400,000 3,600,000 3,100,000 51,000,000 422,004,945 1
Germany 40,381,401 0 40,381,401 39,869,258 30,072,873 51,815,529 2,157,497 0 0 48,593,673 212,890,232 2
EU (including ECHO) 98,492,986 0 98,492,986 2,072,944 4,375,284 0 0 0 0 15,224,530 120,165,744 3
France 53,356,349 64,759 53,421,108 1,097,695 6,777,168 299,570 0 0 736,773 88,790 62,421,104 4
Sweden 40,575,790 0 40,575,790 0 1,348,193 0 0 0 0 6,969,877 48,893,860 5
Japan 3,582,686 64,930 3,647,616 4,183,693 14,511,155 16,887,693 1,300,000 1,000,000 0 7,000,000 48,530,158 6
Norway 19,650,779 0 19,650,779 961,264 8,963,077 0 0 0 654,450 15,489,049 45,718,620 7
Netherlands 40,368,596 0 40,368,596 0 0 385,676 0 0 0 0 40,754,272 8
Canada 20,020,078 0 20,020,078 2,243,270 1,409,496 1,112,760 0 0 0 14,599,660 39,385,264 9
UK 23,829,080 0 23,829,080 0 0 0 0 0 0 13,043,666 36,872,747 10
Spain (including Regional Governments)* 10,445,697 0 10,445,697 1,278,715 1,570,253 3,772,370 775,118 0 0 12,873,125 30,715,278 11
Switzerland 24,193,670 353,789 24,547,459 0 1,108,647 0 0 0 0 1,141,553 26,797,659 12
Denmark 19,324,615 0 19,324,615 0 0 194,240 0 0 0 6,014,166 25,533,021 13
UNRWA USA National Committee 0 0 0 805,631 1,437,391 218,929 310,561 185,788 0 19,300,000 22,258,300 14
Türkiye 10,000,000 0 10,000,000 11,103,820 0 0 0 0 0 1,000,000 22,103,820 15
Ireland 18,170,892 0 18,170,892 0 1,070,664 0 0 0 0 0 19,241,556 16
Saudi Arabia (including King Salman Humanitarian
Aid and Relief Centre) 2,000,000 0 2,000,000 0 0 0 0 0 0 15,000,000 17,000,000 17
Belgium (including Government of Flanders) 8,579,041 0 8,579,041 0 3,043,854 3,380,435 0 0 0 0 15,003,330 18
UAE 0 0 0 0 0 0 0 15,000,000 0 0 15,000,000 19
Australia 14,542,856 0 14,542,856 0 0 0 0 0 0 0 14,542,856 20
Luxembourg 8,819,103 0 8,819,103 0 0 1,695,359 0 0 0 0 10,514,461 21
Qatar 9,000,000 0 9,000,000 0 0 0 0 0 0 0 9,000,000 22
Jordan 0 3,639,135 3,639,135 0 0 0 0 0 0 4,237,288 7,876,424 23
Finland 5,458,515 0 5,458,515 0 0 184,808 0 0 0 0 5,643,323 24
India 5,000,000 0 5,000,000 0 0 0 0 0 0 0 5,000,000 25
Austria 3,744,237 0 3,744,237 0 1,108,773 0 0 0 0 0 4,853,010 26
Republic of Korea 1,726,767 14,471 1,741,238 1,000,000 1,000,000 0 0 0 0 1,000,000 4,741,238 27
Portugal 20,000 0 20,000 0 0 0 110,011 0 0 4,314,995 4,445,006 28
CERF 0 0 0 0 0 0 1,000,000 0 0 3,000,000 4,000,000 29
UNICEF 0 673,027 673,027 0 55,352 2,720,426 0 0 0 0 3,448,805 30
Oman 3,050,000 0 3,050,000 0 216,422 0 0 0 0 0 3,266,422 31
Bahrain 50,000 0 50,000 0 0 3,000,000 0 0 0 0 3,050,000 32
Muslim Hands UK 0 0 0 459,172 0 779,427 0 0 0 1,584,976 2,823,575 33
Palestine 0 2,751,649 2,751,649 0 0 0 0 0 0 0 2,751,649 34
Indonesia 600,000 0 600,000 0 0 0 0 0 0 2,000,000 2,600,000 35
UNRWA Spain National Committe* 2,594,971 0 2,594,971 0 0 0 0 0 0 0 2,594,971 36
Malaysia 200,000 0 200,000 0 0 15,678 0 0 0 2,110,717 2,326,395 37
Iceland 1,982,384 0 1,982,384 0 0 255,082 0 0 0 0 2,237,466 38
Djbouti 0 0 0 0 0 0 0 0 0 2,094,747 2,094,747 39
Azerbaijan 0 0 0 0 0 0 0 0 0 2,000,000 2,000,000 40
China 1,000,000 0 1,000,000 0 0 0 0 0 0 1,000,000 2,000,000 41
Kuwait (including Kuwait Fund for Arab Economic
Development) 2,000,000 0 2,000,000 0 0 0 0 0 0 0 2,000,000 42
Russia 2,000,000 0 2,000,000 0 0 0 0 0 0 0 2,000,000 43
Education Cannot Wait Fund 0 0 0 0 2,000,000 0 0 0 0 0 2,000,000 44
Uzbekistan 0 0 0 0 0 0 0 0 0 1,500,000 1,500,000 45
Rahmatan Lil Alamin Foundation 0 0 0 0 0 0 0 0 0 1,474,896 1,474,896 46
Italy 0 90,986 90,986 0 0 1,375,938 0 0 0 0 1,466,924 47
Slovenia 324,541 0 324,541 0 0 0 0 0 0 961,722 1,286,263 48
Hasene International e.V 0 0 0 0 0 151,025 0 0 0 1,081,816 1,232,840 49
Qatar Charity 0 0 0 0 0 0 0 0 0 1,190,777 1,190,777 50
Lebanon 0 1,128,280 1,128,280 0 0 0 0 0 0 0 1,128,280 51
OCHA 0 0 0 0 0 0 1,024,800 0 0 0 1,024,800 52
UNDP 0 185,298 185,298 735,450 100,000 0 0 0 0 0 1,020,748 53
Kazakhstan 10,000 0 10,000 0 0 0 0 0 0 1,000,000 1,010,000 54
Poland 241,546 0 241,546 0 0 0 0 0 0 767,108 1,008,653 55
Mexico 1,000,000 0 1,000,000 0 0 0 0 0 0 0 1,000,000 56
Scotland 0 0 0 0 0 0 0 0 0 950,570 950,570 57
Cyprus 107,000 0 107,000 0 0 0 0 0 0 550,000 657,000 58
Mercy USA for Aid and Development 0 18,709 18,709 600,000 0 0 0 0 0 0 618,709 59
New Zealand 602,400 0 602,400 0 0 0 0 0 0 0 602,400 60
Muslim Hands France 0 0 0 0 0 389,755 0 0 0 212,540 602,294 61
Yayasan Albukhary 0 0 0 0 0 0 0 0 0 504,568 504,568 62
World Diabetes Foundation 0 0 0 0 0 500,000 0 0 0 0 500,000 63
EDL Capital AG 0 0 0 250,000 0 250,000 0 0 0 0 500,000 64
TOTAL RANK

Norwegian Refugee Council 0 482,869 482,869 0 0 11,179 0 0 0 0 494,048 65
Monaco 0 0 0 0 0 450,120 0 0 0 0 450,120 66
Syria 0 437,665 437,665 0 0 0 0 0 0 0 437,665 67
WHO 0 411,612 411,612 0 0 0 0 0 0 0 411,612 68
ILO 0 0 0 0 0 0 0 0 0 359,990 359,990 69
World Federation of KSIMC 0 0 0 10,028 0 0 0 0 0 346,093 356,121 70
UNESCO 0 0 0 0 0 323,684 0 0 0 0 323,684 71
Romania 55,006 0 55,006 0 0 0 0 0 0 215,750 270,755 72
Croatia 0 0 0 0 0 0 0 0 0 269,687 269,687 73
ANERA 0 251,869 251,869 0 0 0 0 0 0 0 251,869 74
Unipal General Trading 0 0 0 0 0 0 0 0 0 250,000 250,000 75
Matw Project UK 0 0 0 0 0 0 0 0 0 247,555 247,555 76
Chile 25,000 0 25,000 0 0 0 0 0 0 200,000 225,000 77
Shine Charity 0 0 0 0 0 0 0 0 0 218,785 218,785 78
Brunei Darussalam 114,712 0 114,712 0 0 0 0 0 0 100,000 214,712 79
UNRWA Staff Members 0 0 0 0 0 0 59,856 0 0 132,777 192,633 80
South Africa 0 0 0 0 0 0 0 0 0 160,905 160,905 81
Colombia 0 0 0 0 0 0 0 0 0 160,000 160,000 82
Malta 53,937 0 53,937 0 0 0 26,767 0 0 79,114 159,818 83
The Chellaram Foundation 0 0 0 0 0 0 0 0 0 150,000 150,000 84
Novo Nordisk 0 0 0 0 0 0 142,857 0 0 0 142,857 85
Lithuania 33,040 0 33,040 0 0 0 0 0 0 106,724 139,763 86
Southern New Hampshire University 0 0 0 0 0 133,896 0 0 0 0 133,896 87
Latvia 124,964 0 124,964 0 0 0 0 0 0 0 124,964 88
Estonia 85,288 0 85,288 0 0 0 0 0 0 36,549 121,837 89
Canadian Palestinian Professional Foundation 0 0 0 0 0 121,202 0 0 0 0 121,202 90
Vitamin Angels 0 1,758 1,758 0 0 119,255 0 0 0 0 121,013 91
Thailand 40,000 0 40,000 0 0 0 0 0 0 80,000 120,000 92
Organization of southern coorporation 0 0 0 0 0 0 0 0 0 114,150 114,150 93
Liechtenstein 111,732 0 111,732 0 0 0 0 0 0 0 111,732 94
Bulgaria 0 0 0 0 0 0 0 0 0 107,875 107,875 95
UNHCR 0 0 0 0 100,000 0 0 0 0 0 100,000 96
Fondation VRM 0 0 0 0 0 0 0 0 0 100,000 100,000 97
Socomed Pharma Private Limited 0 0 0 0 0 0 93,648 0 0 0 93,648 98
Greece 42,508 0 42,508 0 0 0 0 0 0 43,150 85,658 99
Brazil 75,000 0 75,000 0 0 0 0 0 0 0 75,000 100
Soka Gakkai 0 0 0 0 0 0 0 0 0 65,833 65,833 101
Spain Fundacion Real Madrid** 0 0 0 0 0 42,706 0 0 0 21,217 63,923 102
AMEX 0 0 0 0 0 0 52,888 0 0 0 52,888 103
Bangladesh 50,000 0 50,000 0 0 0 0 0 0 0 50,000 104
Montenegro 10,000 0 10,000 0 0 0 0 0 0 40,000 50,000 105
Philippines 50,000 0 50,000 0 0 0 0 0 0 0 50,000 106
Singapore 0 0 0 0 0 0 0 50,000 0 0 50,000 107
Rissho Kosei-Kai (RKK) 0 0 0 0 0 0 0 0 0 49,620 49,620 108
Andorra 0 0 0 0 0 0 0 0 0 49,308 49,308 109
Handicap International 0 2,425 2,425 33,293 0 0 0 0 0 0 35,718 110
UNFPA 0 34,333 34,333 0 0 0 0 0 0 0 34,333 111
Slovakia 32,859 0 32,859 0 0 0 0 0 0 0 32,859 112
Swedish Trade Union Confideration 0 0 0 0 0 0 0 0 0 27,183 27,183 113
Australian Relief Organisation 0 0 0 0 0 0 0 0 0 25,510 25,510 114
Kutxa Foundation, Spain** 21,529 0 21,529 0 0 0 0 0 0 0 21,529 115
Holy See 20,000 0 20,000 0 0 0 0 0 0 0 20,000 116
RedR Australia 0 19,846 19,846 0 0 0 0 0 0 0 19,846 117
The Clarke Education Foundation 0 0 0 0 0 7,990 0 0 0 0 7,990 118
The International Arab Charity 0 0 0 0 0 0 6,386 0 0 0 6,386 119
Maldives 5,000 0 5,000 0 0 0 0 0 0 0 5,000 120
Save the children 0 2,833 2,833 0 0 0 0 0 0 0 2,833 121
Eversheds Sutherland (International) LLP 0 0 0 0 0 2,500 0 0 0 0 2,500 122
St. John Eye Hospital 0 440 440 0 0 0 0 0 0 0 440 123
UN Regular Budget 38,091,907 44,725 38,136,632 0 0 0 0 0 0 0 38,136,632
Private Partnership Funding 2,133,325 3,330,289 5,463,614 1,241,695 1,047,519 109,829 652,587 87,089 0 10,607,055 19,209,387
Total 756,595,112 14,005,697 770,600,809 156,445,926 118,637,122 107,417,678 11,112,975 19,922,877 4,491,223 275,239,639 1,463,868,250
Please note that the 2023 data does not include accrued interest rates and all in-kind contributions due to the exceptional circumstances of the ongoing humanitarian crisis in Gaza
* Total Spain Government Contribution Includes US$ 21,339,179 Central Government + US$ 9,376,099 Regional Governments raised by UNRWA Spain National Committe*
** Raised by UNRWA Spain National Committe*
