2022 Pledges to UNRWA's Programmes (Cash and In-kind) - Overall Donor Ranking
as 31 Dec 2022
In USD
Programme Budget Non Programme Budget
Donor Programme Budget In-kind
Total Programme
Budget
Emergency Appeal
oPt Syria Appeal Projects
USA 221,971,188 0 221,971,188 53,524,000 65,440,000 3,002,530 343,937,718 1
Germany 37,363,434 0 37,363,434 57,298,720 33,371,283 74,020,847 202,054,285 2
EU 100,518,135 0 100,518,135 4,071,459 4,279,066 5,330,490 114,199,150 3
Sweden 56,752,648 0 56,752,648 2,480,854 1,617,948 118,536 60,969,987 4
Norway 22,548,515 0 22,548,515 1,162,837 10,469,325 0 34,180,677 5
Japan 4,344,999 50,560 4,395,559 16,846,434 5,550,000 3,360,209 30,152,202 6
France 24,159,664 16,041 24,175,705 2,119,495 2,173,913 440,725 28,909,838 7
Saudi Arabia 27,000,000 0 27,000,000 0 0 0 27,000,000 8
Switzerland 23,819,475 598,407 24,417,882 0 1,006,036 110,110 25,534,028 9
Turkey 10,000,000 0 10,000,000 15,199,080 0 0 25,199,080 10
Canada 19,032,514 0 19,032,514 0 3,888,025 793,021 23,713,560 11
Netherlands 20,681,768 0 20,681,768 0 0 507,270 21,189,038 12
UK 14,348,786 0 14,348,786 6,809,496 0 0 21,158,281 13
Italy 7,306,889 133,384 7,440,273 4,912,436 1,499,356 4,181,904 18,033,970 14
Denmark 15,749,171 0 15,749,171 0 0 136,393 15,885,563 15
Australia 13,797,995 0 13,797,995 0 0 0 13,797,995 16
Spain (including Regional Governments)* 8,431,334 0 8,431,334 1,477,232 1,312,010 2,372,227 13,592,803 17
Belgium (including Government of Flanders) 8,176,958 0 8,176,958 0 1,217,137 3,164,557 12,558,653 18
Kuwait (including Kuwait Fund for Arab Economic Development) 12,000,000 0 12,000,000 0 0 0 12,000,000 19
Qatar 10,500,000 0 10,500,000 0 0 0 10,500,000 20
Ireland 7,414,436 0 7,414,436 0 1,095,290 0 8,509,726 21
Austria 3,164,447 0 3,164,447 2,897,276 2,029,684 0 8,091,406 22
Finland 7,807,565 0 7,807,565 0 0 0 7,807,565 23
Luxembourg 6,972,925 0 6,972,925 0 0 515,404 7,488,329 24
Palestine 0 5,491,361 5,491,361 0 269,469 0 5,760,830 25
WFP 0 0 0 0 5,347,194 0 5,347,194 26
India 5,000,000 0 5,000,000 0 0 0 5,000,000 27
Jordan 0 4,241,081 4,241,081 0 0 0 4,241,081 28
UNRWA USA National Committee 638,012 0 638,012 2,324,383 120,000 696,892 3,779,287 29
UNICEF 0 948,478 948,478 0 292,539 1,094,500 2,335,517 30
Republic of Korea 154,345 27,693 182,037 1,000,000 0 1,000,000 2,182,037 31
Russia 2,000,000 0 2,000,000 0 0 0 2,000,000 32
IDB 0 0 0 0 0 2,000,000 2,000,000 33
UNRWA Spanish Committee ** 1,709,333 0 1,709,333 0 0 0 1,709,333 34
OCHA 0 0 0 0 1,316,282 63,500 1,379,782 35
China 1,000,000 0 1,000,000 0 0 0 1,000,000 36
Lebanon 0 818,204 818,204 0 0 0 818,204 37
Muslim Hands UK 0 0 0 0 0 772,436 772,436 38
Mexico 750,000 0 750,000 0 0 0 750,000 39
The Rostropovich-Vishnevskaya Foundation 0 0 0 0 0 683,700 683,700 40
Norwegian Refugee Council 0 420,725 420,725 0 0 252,343 673,068 41
New Zealand 560,800 0 560,800 0 0 0 560,800 42
Iceland 269,666 0 269,666 0 0 289,000 558,666 43
Muslim Hands France 0 0 0 0 0 448,705 448,705 44
Syria 0 448,072 448,072 0 0 0 448,072 45
Brunei Darussalam 114,712 0 114,712 0 0 296,616 411,329 46
WHO 0 308,780 308,780 0 0 25,000 333,780 47
Oman 100,000 0 100,000 0 0 216,422 316,422 48
Palestine Children's Relief Fund (PCRF) 0 0 0 0 0 300,000 300,000 49
UNHCR 0 176,000 176,000 0 77,664 0 253,664 50
UNESCO 0 221,398 221,398 0 0 0 221,398 51
Romania 210,748 0 210,748 0 0 0 210,748 52
Poland 205,956 0 205,956 0 0 0 205,956 53
Indonesia 200,000 0 200,000 0 0 0 200,000 54
Malaysia 200,000 0 200,000 0 0 0 200,000 55
TOTAL RANK

South Africa 171,600 0 171,600 0 0 0 171,600 56
Vitamin Angels 0 23,904 23,904 0 0 129,016 152,920 57
St. John Eye Hospital 0 49,362 49,362 0 0 80,807 130,169 58
Hasene International e.V 0 0 0 54,765 0 59,536 114,301 59
Portugal 105,288 0 105,288 0 0 0 105,288 60
Cyprus 101,000 0 101,000 0 0 0 101,000 61
Liechtenstein 100,604 0 100,604 0 0 0 100,604 62
Estonia 90,090 0 90,090 0 0 0 90,090 63
Azerbaijan 88,235 0 88,235 0 0 0 88,235 64
Malta 0 0 0 80,061 0 0 80,061 65
Brazil 75,000 0 75,000 0 0 0 75,000 66
Muslim Charity Helping the Needy 0 0 0 75,000 0 0 75,000 67
Rissho Kosei-Kai (RKK) 0 0 0 0 0 60,000 60,000 68
Fundación Real Madrid, Spain** 0 0 0 0 0 56,597 56,597 69
Monaco 1,139 0 1,139 0 53,305 0 54,444 70
Slovakia 52,687 0 52,687 0 0 0 52,687 71
Slovenia 50,710 0 50,710 0 0 0 50,710 72
Bahrain 50,000 0 50,000 0 0 0 50,000 73
Bangladesh 50,000 0 50,000 0 0 0 50,000 74
Philippines 50,000 0 50,000 0 0 0 50,000 75
Canadian Palestinian Professional Foundation 0 0 0 0 0 42,607 42,607 76
Thailand 40,000 0 40,000 0 0 0 40,000 77
Kuwait Red Crescent Society 0 0 0 40,000 0 0 40,000 78
Sbitany & Sons CO. LTD. 0 0 0 31,230 0 0 31,230 79
Greece 30,864 0 30,864 0 0 0 30,864 80
SGQURBAN 0 0 0 30,000 0 0 30,000 81
Bulgaria 26,652 0 26,652 0 0 0 26,652 82
Friends of Birzeit University (Fobzu) 0 0 0 0 0 21,643 21,643 83
Holy See 20,000 0 20,000 0 0 0 20,000 84
UNDP 0 20,000 20,000 0 0 0 20,000 85
Latvia 17,580 0 17,580 0 0 0 17,580 86
Islamic Help 0 0 0 15,744 0 0 15,744 87
Chile 12,500 0 12,500 0 0 0 12,500 88
Deutsche Bank 0 0 0 10,661 0 0 10,661 89
World Federation of KSIMC 0 0 0 10,040 0 0 10,040 90
Kazakhstan 10,000 0 10,000 0 0 0 10,000 91
Microsoft 0 10,000 10,000 0 0 0 10,000 92
Pakistan 8,756 0 8,756 0 0 0 8,756 93
The Clarke Education Foundation 0 0 0 0 0 8,000 8,000 94
Maldives 5,000 0 5,000 0 0 0 5,000 95
Novo Nordisk 0 4,800 4,800 0 0 0 4,800 96
Landmark Amman Hotel 1,056 0 1,056 0 0 0 1,056 97
OFID 0 0 0 0 0 11 11 98
United Nations 34,666,659 44,725 34,711,384 0 0 0 34,711,384
Private Sector Funding 885,347 2,948,446 3,833,793 1,958,268 181,947 270,166 6,244,174
Total 733,687,186 17,001,421 750,688,607 174,429,471 142,607,472 106,921,721 1,174,647,272
* Total Spain Government Contribution Includes US$ 6,396,588 Central Government + US$ 7,196,215 Regional Governments raised by UNRWA Spanish Committee
** Raised by UNRWA Spanish Committee
